# Documentation

things <- c(1,2,3)

<<<<<<< HEAD
test <- 1
=======
# And I am adding something here

x <- 14
>>>>>>> 3c2164944ad939d66b4c2f32457894bfaa33d7b2
